
---- 2024/08/09 16:14:27 ----
Kg=[	1.00001038e+000	-4.75672615e-005	-9.57007800e-005
	-1.45385941e-004	1.00002074e+000	-1.93897086e-004
	-2.42315741e-004	-2.91075595e-004	1.00002976e+000 ];
eb=[	-9.98829716e-002	-1.99956571e-001	-3.00090170e-001 ]'; %dph
Ka=[	1.00000706e+000	0.00000000e+000	0.00000000e+000
	-4.92562842e-005	1.00001624e+000	0.00000000e+000
	-9.81235401e-005	-1.45360995e-004	1.00002745e+000 ];
db=[	-9.96424948e+001	-2.00194287e+002	-2.98938642e+002 ]'; %ug
Ka2=[	-9.67802252e+000	-2.09551686e+001	-3.01552846e+001 ]'; %ugpg2
lvx=[	-7.44154877e-001	-1.94453943e+000	-3.02455377e+000 ]'; %cm
lvy=[	-3.78107807e+000	-5.16079899e+000	-6.14015697e+000 ]';
tGA=	-4.99998835e+000 ; %ms
Elasped time (ms): 10438.

---- 2024/08/09 16:16:25 ----
Kg=[	1.00001038e+000	-4.74648706e-005	-9.56546266e-005
	-1.45363864e-004	1.00002077e+000	-1.93858631e-004
	-2.42289425e-004	-2.91111704e-004	1.00002975e+000 ];
eb=[	-9.99261892e-002	-1.99966886e-001	-3.00120083e-001 ]'; %dph
Ka=[	1.00000709e+000	0.00000000e+000	0.00000000e+000
	-4.93436155e-005	1.00001622e+000	0.00000000e+000
	-9.81760724e-005	-1.45398064e-004	1.00002744e+000 ];
db=[	-9.95986245e+001	-2.00289673e+002	-2.98897499e+002 ]'; %ug
Ka2=[	-9.62286030e+000	-2.10548121e+001	-3.01643761e+001 ]'; %ugpg2
lvx=[	-7.26555613e-001	-1.93094728e+000	-3.02525771e+000 ]'; %cm
lvy=[	-3.77869412e+000	-5.18202016e+000	-6.15024045e+000 ]';
tGA=	-5.00011047e+000 ; %ms
Elasped time (ms): 6318.

---- 2024/08/09 16:22:13 ----
Kg=[	1.00001038e+000	-4.74648706e-005	-9.56546266e-005
	-1.45363864e-004	1.00002077e+000	-1.93858631e-004
	-2.42289425e-004	-2.91111704e-004	1.00002975e+000 ];
eb=[	-9.99261892e-002	-1.99966886e-001	-3.00120083e-001 ]'; %dph
Ka=[	1.00000709e+000	0.00000000e+000	0.00000000e+000
	-4.93436155e-005	1.00001622e+000	0.00000000e+000
	-9.81760724e-005	-1.45398064e-004	1.00002744e+000 ];
db=[	-9.95986245e+001	-2.00289673e+002	-2.98897499e+002 ]'; %ug
Ka2=[	-9.62286030e+000	-2.10548121e+001	-3.01643761e+001 ]'; %ugpg2
lvx=[	-7.26555613e-001	-1.93094728e+000	-3.02525771e+000 ]'; %cm
lvy=[	-3.77869412e+000	-5.18202016e+000	-6.15024045e+000 ]';
tGA=	-5.00011047e+000 ; %ms
Elasped time (ms): 206600.

---- 2024/08/09 16:26:32 ----
Kg=[	1.00001038e+000	-4.74643383e-005	-9.56563490e-005
	-1.45364037e-004	1.00002077e+000	-1.93857571e-004
	-2.42289576e-004	-2.91111663e-004	1.00002975e+000 ];
eb=[	-9.99262484e-002	-1.99967021e-001	-3.00120126e-001 ]'; %dph
Ka=[	1.00001005e+000	0.00000000e+000	0.00000000e+000
	-4.93443161e-005	1.00001918e+000	0.00000000e+000
	-9.81747389e-005	-1.45399519e-004	1.00003040e+000 ];
db=[	-9.95985424e+001	-2.00289536e+002	-2.98899371e+002 ]'; %ug
Ka2=[	-9.62366849e+000	-2.10543513e+001	-3.01637626e+001 ]'; %ugpg2
lvx=[	-7.26711341e-001	-1.93073275e+000	-3.02533463e+000 ]'; %cm
lvy=[	-3.77876543e+000	-5.18172688e+000	-6.15026882e+000 ]';
tGA=	-5.00011093e+000 ; %ms
Elasped time (ms): 6359.
