
----20220925_000130
	5.000000	-4.000000logOK

----2022/09/25 00:03:29
	5.000000	-4.000000logOK

----2022/09/25 00:05:11----
	5.000000	-4.000000logOK

---- 2022/09/25 00:05:51 ----
	5.000000	-4.000000logOK

---- 2022/09/25 07:32:01 ----
	5.000000	-4.000000logOK

---- 2022/09/25 07:33:58 ----
	5.000000	-4.000000logOK

---- 2022/09/25 07:34:57 ----
	5.000000	-4.000000logOK

---- 2022/09/25 07:35:51 ----
	5.000000	-4.000000logOK

---- 2022/09/25 07:47:42 ----
	5.000000	-4.000000logOK

---- 2022/09/25 07:47:42 ----
	5.000000	2logOK

---- 2022/09/25 07:55:10 ----
	5.000000	-4.000000logOK

---- 2022/09/25 07:55:10 ----
	5.000000	2logOK

---- 2022/09/28 00:30:52 ----
	5.000000	-4.000000logOK

---- 2022/09/28 00:30:52 ----
	5.000000	2logOK

---- 2023/02/04 22:39:02 ----

---- 2023/02/04 22:39:02 ----
Kg=[	1.000000	0.000000	0.000000
	0.000000	1.000000	0.000000
	0.000000	0.000000	1.000000
];eb=[	0.000000	0.000000	0.000000];Ka=[	1.000000	0.000000	0.000000
	0.000000	1.000000	0.000000
	0.000000	0.000000	1.000000
];db=[	0.000000	0.000000	0.000000];Ka2=[	0.000000	0.000000	0.000000];lvx=[	0.000000	0.000000	0.000000];lvy=[	0.000000	0.000000	0.000000];tGA=	0.000000
---- 2023/02/04 22:40:06 ----

---- 2023/02/04 22:40:06 ----
Kg=[	1.000000	0.000000	0.000000
	0.000000	1.000000	0.000000
	0.000000	0.000000	1.000000
];
eb=[	0.000000	0.000000	0.000000];Ka=[	1.000000	0.000000	0.000000
	0.000000	1.000000	0.000000
	0.000000	0.000000	1.000000
];db=[	0.000000	0.000000	0.000000];Ka2=[	0.000000	0.000000	0.000000];lvx=[	0.000000	0.000000	0.000000];lvy=[	0.000000	0.000000	0.000000];tGA=	0.000000
---- 2023/02/04 22:41:04 ----

---- 2023/02/04 22:41:04 ----
Kg=[	1.000000	0.000000	0.000000
	0.000000	1.000000	0.000000
	0.000000	0.000000	1.000000
];
eb=[	0.000000	0.000000	0.000000];
Ka=[	1.000000	0.000000	0.000000
	0.000000	1.000000	0.000000
	0.000000	0.000000	1.000000
];
db=[	0.000000	0.000000	0.000000];
Ka2=[	0.000000	0.000000	0.000000];
lvx=[	0.000000	0.000000	0.000000];
lvy=[	0.000000	0.000000	0.000000];
tGA=	0.000000
---- 2023/02/04 22:41:59 ----

---- 2023/02/04 22:41:59 ----
Kg=[	1.000000	0.000000	0.000000
	0.000000	1.000000	0.000000
	0.000000	0.000000	1.000000
];
eb=[	0.000000	0.000000	0.000000]';
Ka=[	1.000000	0.000000	0.000000
	0.000000	1.000000	0.000000
	0.000000	0.000000	1.000000
];
db=[	0.000000	0.000000	0.000000];
Ka2=[	0.000000	0.000000	0.000000];
lvx=[	0.000000	0.000000	0.000000];
lvy=[	0.000000	0.000000	0.000000];
tGA=	0.000000;

---- 2023/02/04 22:43:47 ----

---- 2023/02/04 22:43:47 ----
Kg=[	1.000000	0.000000	0.000000
	0.000000	1.000000	0.000000
	0.000000	0.000000	1.000000
];
eb=[	0.000000	0.000000	0.000000]';
Ka=[	1.000000	0.000000	0.000000
	0.000000	1.000000	0.000000
	0.000000	0.000000	1.000000
];
db=[	0.000000	0.000000	0.000000]';
Ka2=[	0.000000	0.000000	0.000000]';
lvx=[	0.000000	0.000000	0.000000]';
lvy=[	0.000000	0.000000	0.000000]';
tGA=	0.000000;

---- 2023/02/04 22:48:38 ----

---- 2023/02/04 22:48:38 ----
Kg=[	1.000000	0.000000	0.000000
	0.000000	1.000000	0.000000
	0.000000	0.000000	1.000000
];
eb=[	0.000000	0.000000	0.000000]';
Ka=[	1.000000	0.000000	0.000000
	0.000000	1.000000	0.000000
	0.000000	0.000000	1.000000
];
db=[	0.000000	0.000000	0.000000]';
Ka2=[	0.000000	0.000000	0.000000]';
lvx=[	0.000000	0.000000	0.000000]';
lvy=[	0.000000	0.000000	0.000000]';
tGA=	0.000000;

---- 2023/02/04 22:49:45 ----

---- 2023/02/04 22:49:45 ----
Kg=[	0.998567	-0.000076	0.000174
	-0.000017	0.998420	0.000535
	-0.000337	-0.000343	0.998613
];
eb=[	-0.000000	0.000000	-0.000000]';
Ka=[	0.999939	0.000000	0.000000
	0.000449	1.000022	0.000000
	-0.000137	-0.000084	1.000013
];
db=[	0.000674	0.000299	-0.000779]';
Ka2=[	0.000000	0.000000	0.000000]';
lvx=[	0.380398	-0.213864	-0.179668]';
lvy=[	-0.037130	0.078726	0.239016]';
tGA=	-0.019679;

---- 2023/02/04 22:51:49 ----
Kg=[	0.998567	-0.000076	0.000174
	-0.000017	0.998420	0.000535
	-0.000337	-0.000343	0.998613
];
eb=[	-0.034882	0.047503	-0.012340]';
Ka=[	0.999939	0.000000	0.000000
	0.000449	1.000022	0.000000
	-0.000137	-0.000084	1.000013
];
db=[	68.943713	30.562174	-79.675255]';
Ka2=[	0.000000	0.000000	0.000000]';
lvx=[	0.380398	-0.213864	-0.179668]';
lvy=[	-0.037130	0.078726	0.239016]';
tGA=	-0.019679;

---- 2023/02/04 23:34:19 ----
Kg=[	0.998573	-0.000027	0.000184
	-0.000018	0.998439	0.000537
	-0.000329	-0.000336	0.998576
];
eb=[	-0.034530	0.050070	0.032215]';
Ka=[	0.999909	0.000000	0.000000
	0.000396	0.999979	0.000000
	-0.000146	-0.000093	1.000023
];
db=[	42.918205	56.690865	-88.013030]';
Ka2=[	52.261673	-44.244957	-13.578760]';
lvx=[	0.209604	-0.223164	-0.173689]';
lvy=[	-0.042326	0.097672	0.360693]';
tGA=	-0.024297;

---- 2023/02/04 23:34:35 ----
Kg=[	0.998529	0.000063	0.000148
	-0.000052	0.998436	0.000488
	-0.000281	-0.000093	0.998558
];
eb=[	0.037048	0.099640	0.060079]';
Ka=[	0.999920	0.000000	0.000000
	0.000377	0.999964	0.000000
	-0.000169	-0.000078	1.000037
];
db=[	111.611902	92.851388	-97.541885]';
Ka2=[	24.342453	-15.848902	-32.928120]';
lvx=[	0.252900	-0.152889	-0.076681]';
lvy=[	0.030559	0.082934	0.137632]';
tGA=	-0.041420;

---- 2023/02/04 23:38:14 ----
Kg=[	0.998567	-0.000076	0.000174
	-0.000017	0.998420	0.000535
	-0.000337	-0.000343	0.998613
];
eb=[	-0.034869	0.047497	-0.012399]';
Ka=[	0.999939	0.000000	0.000000
	0.000449	1.000022	0.000000
	-0.000137	-0.000084	1.000013
];
db=[	68.933454	30.535569	-79.702531]';
Ka2=[	79.863178	-18.399267	-47.131035]';
lvx=[	0.380586	-0.213970	-0.179617]';
lvy=[	-0.037196	0.078712	0.238862]';
tGA=	-0.019672;

---- 2023/02/04 23:38:38 ----
Kg=[	0.998559	0.000044	0.000170
	-0.000043	0.998406	0.000500
	-0.000315	-0.000119	0.998579
];
eb=[	0.027647	0.089590	0.049171]';
Ka=[	0.999946	0.000000	0.000000
	0.000406	1.000006	0.000000
	-0.000182	-0.000090	1.000033
];
db=[	209.526582	125.391016	-103.649557]';
Ka2=[	41.461295	-5.812788	-78.267868]';
lvx=[	0.463675	-0.166788	-0.156685]';
lvy=[	0.038920	0.086578	0.018377]';
tGA=	-0.032667;

---- 2023/02/05 00:06:35 ----
Kg=[	0.998402	0.000079	0.000197
	-0.000091	0.998308	0.000356
	-0.000319	-0.000283	0.998703
];
eb=[	-0.053785	0.153470	-0.088360]';
Ka=[	0.999863	0.000000	0.000000
	0.000327	0.999976	0.000000
	-0.000006	0.000110	0.999894
];
db=[	42.543905	-150.859203	134.083261]';
Ka2=[	224.404764	173.229961	-315.645967]';
lvx=[	0.614500	-0.145652	-0.206782]';
lvy=[	-0.193721	0.043347	0.252749]';
tGA=	-0.131085;

---- 2023/02/05 09:02:01 ----
Kg=[	0.998402	0.000079	0.000197
	-0.000091	0.998308	0.000356
	-0.000319	-0.000283	0.998703
];
eb=[	-0.053785	0.153470	-0.088360]';
Ka=[	0.999863	0.000000	0.000000
	0.000327	0.999976	0.000000
	-0.000006	0.000110	0.999894
];
db=[	42.543905	-150.859203	134.083261]';
Ka2=[	224.404764	173.229961	-315.645967]';
lvx=[	0.614500	-0.145652	-0.206782]';
lvy=[	-0.193721	0.043347	0.252749]';
tGA=	-0.131085;

---- 2023/02/05 09:04:17 ----
Kg=[	0.998402	0.000079	0.000197
	-0.000091	0.998308	0.000356
	-0.000319	-0.000283	0.998703
];
eb=[	-0.053785	0.153470	-0.088360]';
Ka=[	0.999863	0.000000	0.000000
	0.000327	0.999976	0.000000
	-0.000006	0.000110	0.999894
];
db=[	42.543905	-150.859203	134.083261]';
Ka2=[	224.404764	173.229961	-315.645967]';
lvx=[	0.614500	-0.145652	-0.206782]';
lvy=[	-0.193721	0.043347	0.252749]';
tGA=	-0.131085;

---- 2023/02/05 09:14:31 ----
Kg=[	0.998402	0.000079	0.000197
	-0.000091	0.998308	0.000356
	-0.000319	-0.000283	0.998703
];
eb=[	-0.053785	0.153470	-0.088360]';
Ka=[	0.999863	0.000000	0.000000
	0.000327	0.999976	0.000000
	-0.000006	0.000110	0.999894
];
db=[	42.543905	-150.859203	134.083261]';
Ka2=[	224.404764	173.229961	-315.645967]';
lvx=[	0.614500	-0.145652	-0.206782]';
lvy=[	-0.193721	0.043347	0.252749]';
tGA=	-0.131085;

---- 2023/02/05 09:24:46 ----
Kg=[	0.998402	0.000079	0.000197
	-0.000091	0.998308	0.000356
	-0.000319	-0.000283	0.998703
];
eb=[	-0.053785	0.153470	-0.088360]';
Ka=[	0.999863	0.000000	0.000000
	0.000327	0.999976	0.000000
	-0.000006	0.000110	0.999894
];
db=[	42.543905	-150.859203	134.083261]';
Ka2=[	224.404764	173.229961	-315.645967]';
lvx=[	0.614500	-0.145652	-0.206782]';
lvy=[	-0.193721	0.043347	0.252749]';
tGA=	-0.131085;

---- 2023/02/05 09:26:12 ----
Kg=[	0.998402	0.000079	0.000197
	-0.000091	0.998308	0.000356
	-0.000319	-0.000283	0.998703
];
eb=[	-0.053785	0.153470	-0.088360]';
Ka=[	0.999863	0.000000	0.000000
	0.000327	0.999976	0.000000
	-0.000006	0.000110	0.999894
];
db=[	42.543905	-150.859203	134.083261]';
Ka2=[	224.404764	173.229961	-315.645967]';
lvx=[	0.614500	-0.145652	-0.206782]';
lvy=[	-0.193721	0.043347	0.252749]';
tGA=	-0.131085;

---- 2023/02/05 09:26:50 ----
Kg=[	0.998402	0.000079	0.000197
	-0.000091	0.998308	0.000356
	-0.000319	-0.000283	0.998703
];
eb=[	-0.053785	0.153470	-0.088360]';
Ka=[	0.999863	0.000000	0.000000
	0.000327	0.999976	0.000000
	-0.000006	0.000110	0.999894
];
db=[	42.543905	-150.859203	134.083261]';
Ka2=[	224.404764	173.229961	-315.645967]';
lvx=[	0.614500	-0.145652	-0.206782]';
lvy=[	-0.193721	0.043347	0.252749]';
tGA=	-0.131085;

---- 2023/02/05 09:44:53 ----
Kg=[	0.998402	0.000079	0.000197
	-0.000091	0.998308	0.000356
	-0.000319	-0.000283	0.998703
];
eb=[	-0.053785	0.153470	-0.088360]';
Ka=[	0.999863	0.000000	0.000000
	0.000327	0.999976	0.000000
	-0.000006	0.000110	0.999894
];
db=[	42.543905	-150.859203	134.083261]';
Ka2=[	224.404764	173.229961	-315.645967]';
lvx=[	0.614500	-0.145652	-0.206782]';
lvy=[	-0.193721	0.043347	0.252749]';
tGA=	-0.131085;

---- 2023/02/05 09:57:06 ----
Kg=[	0.998402	0.000079	0.000197
	-0.000091	0.998308	0.000356
	-0.000319	-0.000283	0.998703
];
eb=[	-0.053785	0.153470	-0.088360]';
Ka=[	0.999863	0.000000	0.000000
	0.000327	0.999976	0.000000
	-0.000006	0.000110	0.999894
];
db=[	42.543905	-150.859203	134.083261]';
Ka2=[	224.404764	173.229961	-315.645967]';
lvx=[	0.614500	-0.145652	-0.206782]';
lvy=[	-0.193721	0.043347	0.252749]';
tGA=	-0.131085;

---- 2023/02/05 10:09:07 ----
Kg=[	0.998402	0.000079	0.000197
	-0.000091	0.998308	0.000356
	-0.000319	-0.000283	0.998703
];
eb=[	-0.053785	0.153470	-0.088360]';
Ka=[	0.999863	0.000000	0.000000
	0.000327	0.999976	0.000000
	-0.000006	0.000110	0.999894
];
db=[	42.543905	-150.859203	134.083261]';
Ka2=[	224.404764	173.229961	-315.645967]';
lvx=[	0.614500	-0.145652	-0.206782]';
lvy=[	-0.193721	0.043347	0.252749]';
tGA=	-0.131085;

---- 2023/02/05 10:10:15 ----
Kg=[	0.998402	0.000079	0.000197
	-0.000091	0.998308	0.000356
	-0.000319	-0.000283	0.998703
];
eb=[	-0.053785	0.153470	-0.088360]';
Ka=[	0.999863	0.000000	0.000000
	0.000327	0.999976	0.000000
	-0.000006	0.000110	0.999894
];
db=[	42.543905	-150.859203	134.083261]';
Ka2=[	224.404764	173.229961	-315.645967]';
lvx=[	0.614500	-0.145652	-0.206782]';
lvy=[	-0.193721	0.043347	0.252749]';
tGA=	-0.131085;

---- 2023/02/05 10:50:52 ----

---- 2023/02/05 10:51:06 ----
Kg=[	0.998402	0.000079	0.000197
	-0.000091	0.998308	0.000356
	-0.000319	-0.000283	0.998703
];
eb=[	-0.053785	0.153470	-0.088360]';
Ka=[	0.999863	0.000000	0.000000
	0.000327	0.999976	0.000000
	-0.000006	0.000110	0.999894
];
db=[	42.543905	-150.859203	134.083261]';
Ka2=[	224.404764	173.229961	-315.645967]';
lvx=[	0.614500	-0.145652	-0.206782]';
lvy=[	-0.193721	0.043347	0.252749]';
tGA=	-0.131085;
Elasped time (ms): 
---- 2023/02/05 10:56:40 ----

---- 2023/02/05 10:56:54 ----
Kg=[	0.998402	0.000079	0.000197
	-0.000091	0.998308	0.000356
	-0.000319	-0.000283	0.998703
];
eb=[	-0.053785	0.153470	-0.088360]';
Ka=[	0.999863	0.000000	0.000000
	0.000327	0.999976	0.000000
	-0.000006	0.000110	0.999894
];
db=[	42.543905	-150.859203	134.083261]';
Ka2=[	224.404764	173.229961	-315.645967]';
lvx=[	0.614500	-0.145652	-0.206782]';
lvy=[	-0.193721	0.043347	0.252749]';
tGA=	-0.131085;
Elasped time (ms): 0.

---- 2023/02/05 11:02:10 ----

---- 2023/02/05 11:02:49 ----
Kg=[	0.998402	0.000079	0.000197
	-0.000091	0.998308	0.000356
	-0.000319	-0.000283	0.998703
];
eb=[	-0.053785	0.153470	-0.088360]';
Ka=[	0.999863	0.000000	0.000000
	0.000327	0.999976	0.000000
	-0.000006	0.000110	0.999894
];
db=[	42.543905	-150.859203	134.083261]';
Ka2=[	224.404764	173.229961	-315.645967]';
lvx=[	0.614500	-0.145652	-0.206782]';
lvy=[	-0.193721	0.043347	0.252749]';
tGA=	-0.131085;
Elasped time (ms): 19329.

---- 2023/02/05 11:05:08 ----

---- 2023/02/05 11:05:24 ----
Kg=[	0.998402	0.000079	0.000197
	-0.000091	0.998308	0.000356
	-0.000319	-0.000283	0.998703
];
eb=[	-0.053785	0.153470	-0.088360]';
Ka=[	0.999863	0.000000	0.000000
	0.000327	0.999976	0.000000
	-0.000006	0.000110	0.999894
];
db=[	42.543905	-150.859203	134.083261]';
Ka2=[	224.404764	173.229961	-315.645967]';
lvx=[	0.614500	-0.145652	-0.206782]';
lvy=[	-0.193721	0.043347	0.252749]';
tGA=	-0.131085;
Elasped time (ms): 16339.

---- 2023/02/05 11:07:58 ----

---- 2023/02/05 11:08:14 ----
Kg=[	0.998402	0.000079	0.000197
	-0.000091	0.998308	0.000356
	-0.000319	-0.000283	0.998703
];
eb=[	-0.053785	0.153470	-0.088360]';
Ka=[	0.999863	0.000000	0.000000
	0.000327	0.999976	0.000000
	-0.000006	0.000110	0.999894
];
db=[	42.543905	-150.859203	134.083261]';
Ka2=[	224.404764	173.229961	-315.645967]';
lvx=[	0.614500	-0.145652	-0.206782]';
lvy=[	-0.193721	0.043347	0.252749]';
tGA=	-0.131085;
Elasped time (ms): 16195.


---- 2023/02/05 14:49:25 ----
Kg=[	0.998402	0.000079	0.000197
	-0.000091	0.998308	0.000356
	-0.000319	-0.000283	0.998703
];
eb=[	-0.053785	0.153470	-0.088360]';
Ka=[	0.999863	0.000000	0.000000
	0.000327	0.999976	0.000000
	-0.000006	0.000110	0.999894
];
db=[	42.543905	-150.859203	134.083261]';
Ka2=[	224.404764	173.229961	-315.645967]';
lvx=[	0.614500	-0.145652	-0.206782]';
lvy=[	-0.193721	0.043347	0.252749]';
tGA=	-0.131085;
Elasped time (ms): 14062.

---- 2023/02/05 14:51:32 ----

---- 2023/02/05 14:51:48 ----
Kg=[	0.998402	0.000079	0.000197
	-0.000091	0.998308	0.000356
	-0.000319	-0.000283	0.998703
];
eb=[	-0.053785	0.153470	-0.088360]';
Ka=[	0.999863	0.000000	0.000000
	0.000327	0.999976	0.000000
	-0.000006	0.000110	0.999894
];
db=[	42.543905	-150.859203	134.083261]';
Ka2=[	224.404764	173.229961	-315.645967]';
lvx=[	0.614500	-0.145652	-0.206782]';
lvy=[	-0.193721	0.043347	0.252749]';
tGA=	-0.131085;
Elasped time (ms): 15657.

---- 2023/02/05 14:52:38 ----

---- 2023/02/05 14:55:07 ----
Kg=[	1.010430	-0.242313	-0.009505
	-0.050777	0.989756	-0.153149
	-0.135779	0.171907	1.038460
];
eb=[	-21.434223	22.589391	7.121139]';
Ka=[	1.039103	0.000000	0.000000
	0.175960	0.983479	0.000000
	-0.032740	0.176983	0.990305
];
db=[	-165996.481766	67982.347728	-21648.405526]';
Ka2=[	136505.710401	-79567.802925	35633.294707]';
lvx=[	-53.251379	252.445008	-722.783776]';
lvy=[	-7.739064	-11.865343	468.873058]';
tGA=	-4.255747;
Elasped time (ms): 149309.

---- 2023/02/05 14:57:41 ----

---- 2023/02/05 14:58:21 ----
Kg=[	1.010430	-0.242313	-0.009505
	-0.050777	0.989756	-0.153149
	-0.135779	0.171907	1.038460
];
eb=[	-21.434223	22.589391	7.121139]';
Ka=[	1.039103	0.000000	0.000000
	0.175960	0.983479	0.000000
	-0.032740	0.176983	0.990305
];
db=[	-165996.481766	67982.347728	-21648.405526]';
Ka2=[	136505.710401	-79567.802925	35633.294707]';
lvx=[	-53.251379	252.445008	-722.783776]';
lvy=[	-7.739064	-11.865343	468.873058]';
tGA=	-4.255747;
Elasped time (ms): 40092.

---- 2023/02/05 15:02:14 ----

---- 2023/02/05 15:02:54 ----
Kg=[	1.200563	-0.556711	-0.009002
	-0.339487	0.686571	-0.067882
	-0.024774	0.401747	1.039720
];
eb=[	-44.733865	28.809430	-16.945262]';
Ka=[	0.959886	0.000000	0.000000
	0.241579	0.975515	0.000000
	0.156695	0.260389	0.993111
];
db=[	-108969.553078	75990.124630	-289380.364805]';
Ka2=[	59376.770460	-78292.546452	286495.240674]';
lvx=[	0.000000	0.000000	0.000000]';
lvy=[	0.000000	0.000000	0.000000]';
tGA=	0.000000;
Elasped time (ms): 39453.

---- 2023/02/05 15:05:33 ----

---- 2023/02/05 15:06:20 ----
Kg=[	1.000000	0.000000	0.000000
	0.000000	1.000000	0.000000
	0.000000	0.000000	1.000000
];
eb=[	0.000000	0.000000	0.000000]';
Ka=[	1.000000	0.000000	0.000000
	0.000000	1.000000	0.000000
	0.000000	0.000000	1.000000
];
db=[	0.000000	0.000000	0.000000]';
Ka2=[	0.000000	0.000000	0.000000]';
lvx=[	0.000000	0.000000	0.000000]';
lvy=[	0.000000	0.000000	0.000000]';
tGA=	0.000000;
Elasped time (ms): 47386.

---- 2023/02/05 16:05:19 ----

---- 2023/02/05 16:06:15 ----
Kg=[	1.000000	0.000000	0.000000
	0.000000	1.000000	0.000000
	0.000000	0.000000	1.000000
];
eb=[	0.000000	0.000000	0.000000]';
Ka=[	1.000000	0.000000	0.000000
	0.000000	1.000000	0.000000
	0.000000	0.000000	1.000000
];
db=[	0.000000	0.000000	0.000000]';
Ka2=[	0.000000	0.000000	0.000000]';
lvx=[	0.000000	0.000000	0.000000]';
lvy=[	0.000000	0.000000	0.000000]';
tGA=	0.000000;
Elasped time (ms): 124286.

---- 2023/02/05 16:08:35 ----

---- 2023/02/05 16:08:41 ----
Kg=[	1.000000	0.000000	0.000000
	0.000000	1.000000	0.000000
	0.000000	0.000000	1.000000
];
eb=[	0.000000	0.000000	0.000000]';
Ka=[	1.000000	0.000000	0.000000
	0.000000	1.000000	0.000000
	0.000000	0.000000	1.000000
];
db=[	0.000000	0.000000	0.000000]';
Ka2=[	0.000000	0.000000	0.000000]';
lvx=[	0.000000	0.000000	0.000000]';
lvy=[	0.000000	0.000000	0.000000]';
tGA=	0.000000;
Elasped time (ms): 19744.

---- 2023/02/05 16:08:51 ----

---- 2023/02/05 16:09:33 ----
Kg=[	1.000000	0.000000	0.000000
	0.000000	1.000000	0.000000
	0.000000	0.000000	1.000000
];
eb=[	0.000000	0.000000	0.000000]';
Ka=[	1.000000	0.000000	0.000000
	0.000000	1.000000	0.000000
	0.000000	0.000000	1.000000
];
db=[	0.000000	0.000000	0.000000]';
Ka2=[	0.000000	0.000000	0.000000]';
lvx=[	0.000000	0.000000	0.000000]';
lvy=[	0.000000	0.000000	0.000000]';
tGA=	0.000000;
Elasped time (ms): 41999.

---- 2023/02/05 16:40:59 ----

---- 2023/02/05 16:40:59 ----
Kg=[	1.000000	0.000000	0.000000
	0.000000	1.000000	0.000000
	0.000000	0.000000	1.000000
];
eb=[	0.000000	0.000000	0.000000]';
Ka=[	1.000000	0.000000	0.000000
	0.000000	1.000000	0.000000
	0.000000	0.000000	1.000000
];
db=[	0.000000	0.000000	0.000000]';
Ka2=[	0.000000	0.000000	0.000000]';
lvx=[	0.000000	0.000000	0.000000]';
lvy=[	0.000000	0.000000	0.000000]';
tGA=	0.000000;
Elasped time (ms): 41.

---- 2023/02/05 16:42:11 ----

---- 2023/02/05 16:42:11 ----
Kg=[	1.000000	0.000000	0.000000
	0.000000	1.000000	0.000000
	0.000000	0.000000	1.000000
];
eb=[	0.000000	0.000000	0.000000]';
Ka=[	1.000000	0.000000	0.000000
	0.000000	1.000000	0.000000
	0.000000	0.000000	1.000000
];
db=[	0.000000	0.000000	0.000000]';
Ka2=[	0.000000	0.000000	0.000000]';
lvx=[	0.000000	0.000000	0.000000]';
lvy=[	0.000000	0.000000	0.000000]';
tGA=	0.000000;
Elasped time (ms): 40.

---- 2023/02/05 16:57:06 ----

---- 2023/02/05 16:57:06 ----
Kg=[	1.000000	0.000000	0.000000
	0.000000	1.000000	0.000000
	0.000000	0.000000	1.000000
];
eb=[	0.000000	0.000000	0.000000]';
Ka=[	1.000000	0.000000	0.000000
	0.000000	1.000000	0.000000
	0.000000	0.000000	1.000000
];
db=[	0.000000	0.000000	0.000000]';
Ka2=[	0.000000	0.000000	0.000000]';
lvx=[	0.000000	0.000000	0.000000]';
lvy=[	0.000000	0.000000	0.000000]';
tGA=	0.000000;
Elasped time (ms): 92.

---- 2023/02/05 17:09:28 ----

---- 2023/02/05 17:10:09 ----
Kg=[	1.000000	0.000000	0.000000
	0.000000	1.000000	0.000000
	0.000000	0.000000	1.000000
];
eb=[	0.000000	0.000000	0.000000]';
Ka=[	1.000000	0.000000	0.000000
	0.000000	1.000000	0.000000
	0.000000	0.000000	1.000000
];
db=[	0.000000	0.000000	0.000000]';
Ka2=[	0.000000	0.000000	0.000000]';
lvx=[	0.000000	0.000000	0.000000]';
lvy=[	0.000000	0.000000	0.000000]';
tGA=	0.000000;
Elasped time (ms): 41377.

---- 2023/02/05 17:12:51 ----

---- 2023/02/05 17:13:32 ----
Kg=[	1.000000	0.000000	0.000000
	0.000000	1.000000	0.000000
	0.000000	0.000000	1.000000
];
eb=[	0.000000	0.000000	0.000000]';
Ka=[	1.000000	0.000000	0.000000
	0.000000	1.000000	0.000000
	0.000000	0.000000	1.000000
];
db=[	0.000000	0.000000	0.000000]';
Ka2=[	0.000000	0.000000	0.000000]';
lvx=[	0.000000	0.000000	0.000000]';
lvy=[	0.000000	0.000000	0.000000]';
tGA=	0.000000;
Elasped time (ms): 40304.

---- 2023/02/05 17:18:06 ----

---- 2023/02/05 17:18:47 ----
Kg=[	1.000000	0.000000	0.000000
	0.000000	1.000000	0.000000
	0.000000	0.000000	1.000000
];
eb=[	0.000000	0.000000	0.000000]';
Ka=[	1.000000	0.000000	0.000000
	0.000000	1.000000	0.000000
	0.000000	0.000000	1.000000
];
db=[	0.000000	0.000000	0.000000]';
Ka2=[	0.000000	0.000000	0.000000]';
lvx=[	0.000000	0.000000	0.000000]';
lvy=[	0.000000	0.000000	0.000000]';
tGA=	0.000000;
Elasped time (ms): 41571.

---- 2023/02/05 17:22:16 ----

---- 2023/02/05 17:22:56 ----
Kg=[	0.705865	0.373665	1.260237
	0.233689	0.120896	0.409690
	-0.095763	-0.055984	-0.185143
];
eb=[	-219.073161	-178.855607	98.459645]';
Ka=[	0.199561	0.000000	0.000000
	2.259361	1.005041	0.000000
	-0.979987	-0.525971	0.794400
];
db=[	2670050.602340	-169611.232578	19447.430707]';
Ka2=[	-8896339.814892	10285688.025777	-3832393.321809]';
lvx=[	0.000000	0.000000	0.000000]';
lvy=[	0.000000	0.000000	0.000000]';
tGA=	0.000000;
Elasped time (ms): 39638.

---- 2023/02/05 17:28:19 ----

---- 2023/02/05 17:29:00 ----
Kg=[	1.000000	0.000000	0.000000
	0.000000	1.000000	0.000000
	0.000000	0.000000	1.000000
];
eb=[	-0.005428	0.003342	0.025381]';
Ka=[	1.000000	0.000000	0.000000
	0.000000	1.000000	0.000000
	0.000000	0.000000	1.000000
];
db=[	11.513276	-7.247864	-15.205622]';
Ka2=[	0.000000	0.000000	0.000000]';
lvx=[	0.000000	0.000000	0.000000]';
lvy=[	0.000000	0.000000	0.000000]';
tGA=	0.000000;
Elasped time (ms): 40780.

---- 2023/02/05 17:55:53 ----

---- 2023/02/05 17:56:37 ----
Kg=[	0.998506	0.000049	0.000290
	-0.000051	0.998359	0.000495
	-0.000292	-0.000308	0.998542
];
eb=[	0.000622	0.002729	0.027718]';
Ka=[	0.999909	0.000000	0.000000
	0.000348	0.999912	0.000000
	-0.000251	-0.000071	1.000019
];
db=[	13.858003	-4.356603	-9.526194]';
Ka2=[	-16.433217	-32.783464	-23.957262]';
lvx=[	0.000000	0.000000	0.000000]';
lvy=[	0.000000	0.000000	0.000000]';
tGA=	0.000000;

---- 2023/02/05 17:57:18 ----
Kg=[	0.998499	0.000072	0.000297
	-0.000066	0.998351	0.000507
	-0.000272	-0.000327	0.998551
];
eb=[	0.082834	0.081096	-0.017341]';
Ka=[	0.999923	0.000000	0.000000
	0.000311	0.999934	0.000000
	-0.000264	-0.000084	1.000031
];
db=[	28.375479	9.608124	0.899268]';
Ka2=[	-37.972272	-32.118536	-27.880317]';
lvx=[	0.000000	0.000000	0.000000]';
lvy=[	0.000000	0.000000	0.000000]';
tGA=	0.000000;

---- 2023/02/05 17:58:00 ----
Kg=[	0.998507	0.000049	0.000289
	-0.000050	0.998358	0.000496
	-0.000289	-0.000306	0.998543
];
eb=[	-0.000422	0.001278	0.025868]';
Ka=[	0.999922	0.000000	0.000000
	0.000348	0.999935	0.000000
	-0.000251	-0.000072	1.000030
];
db=[	15.509716	-3.146888	-10.082971]';
Ka2=[	-25.293456	-19.503695	-15.799305]';
lvx=[	0.000000	0.000000	0.000000]';
lvy=[	0.000000	0.000000	0.000000]';
tGA=	0.000000;
Elasped time (ms): 127422.

---- 2023/02/05 18:11:02 ----
Att0 (deg): 	-0.000038	-0.003893	-2.602588
Kg=[	0.998506	0.000049	0.000290
	-0.000051	0.998359	0.000495
	-0.000292	-0.000308	0.998542
];
eb=[	0.000622	0.002729	0.027718]';%%dph
Ka=[	0.999909	0.000000	0.000000
	0.000348	0.999912	0.000000
	-0.000251	-0.000071	1.000019
];
db=[	13.858003	-4.356603	-9.526194]';%%ug
Ka2=[	-16.433217	-32.783464	-23.957262]';%%ugpg2
lvx=[	0.000000	0.000000	0.000000]';%%cm
lvy=[	0.000000	0.000000	0.000000]';
tGA=	0.000000;%%ms
Att0 (deg): 	0.000213	-0.003100	-2.590845
Kg=[	0.998499	0.000073	0.000299
	-0.000065	0.998352	0.000506
	-0.000271	-0.000327	0.998551
];
eb=[	0.082658	0.080882	-0.017414]';%%dph
Ka=[	0.999918	0.000000	0.000000
	0.000309	0.999931	0.000000
	-0.000264	-0.000083	1.000025
];
db=[	26.900656	8.504474	1.591024]';%%ug
Ka2=[	-36.856907	-32.054774	-29.812443]';%%ugpg2
lvx=[	0.000000	0.000000	0.000000]';%%cm
lvy=[	0.000000	0.000000	0.000000]';
tGA=	0.000000;%%ms
Att0 (deg): 	-0.000523	-0.002354	-2.984235
Kg=[	0.998506	0.000049	0.000290
	-0.000050	0.998359	0.000495
	-0.000289	-0.000306	0.998542
];
eb=[	-0.000648	0.001160	0.026055]';%%dph
Ka=[	0.999918	0.000000	0.000000
	0.000348	0.999931	0.000000
	-0.000251	-0.000072	1.000025
];
db=[	14.363583	-3.776200	-9.839400]';%%ug
Ka2=[	-24.287420	-18.854588	-15.816466]';%%ugpg2
lvx=[	0.000000	0.000000	0.000000]';%%cm
lvy=[	0.000000	0.000000	0.000000]';
tGA=	0.000000;%%ms
Elasped time (ms): 133766.

---- 2023/02/05 18:58:29 ----

Align att (deg): 	-0.000038	-0.003893	-2.602588
Kg=[	0.998507	0.000049	0.000290
	-0.000051	0.998359	0.000496
	-0.000292	-0.000308	0.998542
];
eb=[	0.001232	0.003149	0.027261]'; %dph
Ka=[	0.999908	0.000000	0.000000
	0.000347	0.999913	0.000000
	-0.000251	-0.000072	1.000020
];
db=[	14.782787	-3.476605	-9.450263]'; %ug
Ka2=[	-17.015734	-32.536887	-23.936689]'; %ugpg2
lvx=[	0.000000	0.000000	0.000000]'; %cm
lvy=[	0.000000	0.000000	0.000000]';
tGA=	0.000000; %ms

Align att (deg): 	0.000163	-0.003047	-2.593679
Kg=[	0.998499	0.000073	0.000299
	-0.000066	0.998352	0.000506
	-0.000272	-0.000327	0.998551
];
eb=[	0.082549	0.080669	-0.017100]'; %dph
Ka=[	0.999918	0.000000	0.000000
	0.000310	0.999931	0.000000
	-0.000264	-0.000083	1.000025
];
db=[	26.961022	8.532217	1.626729]'; %ug
Ka2=[	-36.894312	-31.765620	-29.110206]'; %ugpg2
lvx=[	0.000000	0.000000	0.000000]'; %cm
lvy=[	0.000000	0.000000	0.000000]';
tGA=	0.000000; %ms

Align att (deg): 	-0.000525	-0.002350	-2.983700
Kg=[	0.998506	0.000049	0.000290
	-0.000050	0.998359	0.000496
	-0.000289	-0.000306	0.998542
];
eb=[	-0.000530	0.001119	0.025949]'; %dph
Ka=[	0.999918	0.000000	0.000000
	0.000348	0.999931	0.000000
	-0.000250	-0.000072	1.000025
];
db=[	14.345821	-3.530665	-10.308193]'; %ug
Ka2=[	-24.276038	-19.109503	-15.429715]'; %ugpg2
lvx=[	0.000000	0.000000	0.000000]'; %cm
lvy=[	0.000000	0.000000	0.000000]';
tGA=	0.000000; %ms
Elasped time (ms): 49842.

---- 2023/02/05 19:11:31 ----

Align att (deg): 	-0.000038	-0.003893	-2.602588
Kg=[	0.998505	0.000051	0.000294
	-0.000055	0.998361	0.000494
	-0.000291	-0.000306	0.998544
];
eb=[	0.001619	0.003310	0.024991]'; %dph
Ka=[	0.999909	0.000000	0.000000
	0.000344	0.999917	0.000000
	-0.000249	-0.000071	1.000030
];
db=[	11.655280	-6.664393	-10.758535]'; %ug
Ka2=[	-15.138945	-28.441220	-21.045104]'; %ugpg2
lvx=[	0.000000	0.000000	0.000000]'; %cm
lvy=[	0.000000	0.000000	0.000000]';
tGA=	0.000000; %ms

Align att (deg): 	0.000345	-0.003226	-2.595356
Kg=[	0.998503	0.000047	0.000289
	-0.000052	0.998361	0.000495
	-0.000288	-0.000306	0.998541
];
eb=[	0.001100	0.002558	0.026014]'; %dph
Ka=[	0.999919	0.000000	0.000000
	0.000348	0.999932	0.000000
	-0.000248	-0.000072	1.000036
];
db=[	9.153975	-9.697240	-11.493155]'; %ug
Ka2=[	-20.560982	-14.574910	-13.830085]'; %ugpg2
lvx=[	0.000000	0.000000	0.000000]'; %cm
lvy=[	0.000000	0.000000	0.000000]';
tGA=	0.000000; %ms

Align att (deg): 	0.000519	-0.003369	-2.593354
Kg=[	0.998502	0.000049	0.000286
	-0.000051	0.998361	0.000497
	-0.000288	-0.000306	0.998540
];
eb=[	0.001682	-0.000551	0.025484]'; %dph
Ka=[	0.999919	0.000000	0.000000
	0.000345	0.999934	0.000000
	-0.000248	-0.000073	1.000036
];
db=[	7.861419	-11.472464	-11.722357]'; %ug
Ka2=[	-19.131794	-11.413367	-12.569583]'; %ugpg2
lvx=[	0.000000	0.000000	0.000000]'; %cm
lvy=[	0.000000	0.000000	0.000000]';
tGA=	0.000000; %ms

Align att (deg): 	0.000620	-0.003443	-2.595365
Kg=[	0.998500	0.000044	0.000292
	-0.000051	0.998362	0.000499
	-0.000289	-0.000305	0.998539
];
eb=[	0.001161	-0.000090	0.026893]'; %dph
Ka=[	0.999920	0.000000	0.000000
	0.000350	0.999934	0.000000
	-0.000247	-0.000075	1.000036
];
db=[	6.972510	-12.750321	-12.314811]'; %ug
Ka2=[	-18.546107	-10.365302	-11.372907]'; %ugpg2
lvx=[	0.000000	0.000000	0.000000]'; %cm
lvy=[	0.000000	0.000000	0.000000]';
tGA=	0.000000; %ms
Elasped time (ms): 59562.

---- 2023/02/05 19:19:10 ----

Align att (deg): 	-0.000038	-0.003893	-2.602588
Kg=[	0.998505	0.000051	0.000294
	-0.000055	0.998361	0.000494
	-0.000291	-0.000306	0.998544
];
eb=[	0.001619	0.003310	0.024991]'; %dph
Ka=[	0.999909	0.000000	0.000000
	0.000344	0.999917	0.000000
	-0.000249	-0.000071	1.000030
];
db=[	11.655280	-6.664393	-10.758535]'; %ug
Ka2=[	-15.138945	-28.441220	-21.045104]'; %ugpg2
lvx=[	0.000000	0.000000	0.000000]'; %cm
lvy=[	0.000000	0.000000	0.000000]';
tGA=	0.883480; %ms

Align att (deg): 	0.000345	-0.003226	-2.595356
Kg=[	0.998503	0.000047	0.000288
	-0.000052	0.998362	0.000495
	-0.000288	-0.000306	0.998541
];
eb=[	0.000998	0.002663	0.026064]'; %dph
Ka=[	0.999921	0.000000	0.000000
	0.000348	0.999936	0.000000
	-0.000247	-0.000072	1.000039
];
db=[	8.552037	-10.195243	-11.959191]'; %ug
Ka2=[	-19.975226	-13.476444	-13.245886]'; %ugpg2
lvx=[	0.005879	0.002084	-0.001578]'; %cm
lvy=[	0.154826	-0.444369	0.102443]';
tGA=	2.173531; %ms

Align att (deg): 	0.000547	-0.003403	-2.592960
Kg=[	0.998502	0.000049	0.000285
	-0.000049	0.998362	0.000500
	-0.000288	-0.000305	0.998540
];
eb=[	0.001280	0.000250	0.025854]'; %dph
Ka=[	0.999922	0.000000	0.000000
	0.000346	0.999938	0.000000
	-0.000247	-0.000077	1.000039
];
db=[	7.385803	-12.182742	-12.722989]'; %ug
Ka2=[	-17.383268	-10.742328	-11.790786]'; %ugpg2
lvx=[	0.010560	0.008414	-0.003526]'; %cm
lvy=[	0.404662	-0.605926	0.131920]';
tGA=	4.818811; %ms
Elasped time (ms): 42645.

---- 2023/02/05 20:03:40 ----

Align att (deg): 	-0.000038	-0.003893	-2.602588
Kg=[	0.998505	0.000051	0.000294
	-0.000055	0.998361	0.000494
	-0.000291	-0.000306	0.998544
];
eb=[	0.001619	0.003310	0.024991]'; %dph
Ka=[	0.999909	0.000000	0.000000
	0.000344	0.999917	0.000000
	-0.000249	-0.000071	1.000030
];
db=[	11.655280	-6.664393	-10.758535]'; %ug
Ka2=[	-15.138945	-28.441220	-21.045104]'; %ugpg2
lvx=[	0.000000	0.000000	0.000000]'; %cm
lvy=[	0.000000	0.000000	0.000000]';
tGA=	0.883480; %ms

Align att (deg): 	0.000345	-0.003226	-2.595356
Kg=[	0.998505	0.000054	0.000288
	-0.000052	0.998361	0.000492
	-0.000285	-0.000303	0.998542
];
eb=[	0.000956	0.002987	0.025096]'; %dph
Ka=[	0.999922	0.000000	0.000000
	0.000345	0.999939	0.000000
	-0.000238	-0.000068	1.000036
];
db=[	10.955594	-6.822184	-9.853471]'; %ug
Ka2=[	-14.910527	-0.410246	0.300286]'; %ugpg2
lvx=[	0.009472	0.008274	-0.014427]'; %cm
lvy=[	-0.291928	4.300135	-3.338208]';
tGA=	2.075708; %ms

Align att (deg): 	0.000354	-0.003266	-2.592324
Kg=[	0.998504	0.000058	0.000288
	-0.000049	0.998361	0.000498
	-0.000289	-0.000306	0.998541
];
eb=[	0.001623	0.000226	0.026176]'; %dph
Ka=[	0.999923	0.000000	0.000000
	0.000336	0.999936	0.000000
	-0.000242	-0.000075	1.000036
];
db=[	11.033716	-6.429861	-9.253250]'; %ug
Ka2=[	-14.231294	1.211269	2.718736]'; %ugpg2
lvx=[	0.010334	0.013241	-0.018192]'; %cm
lvy=[	-0.268965	4.856388	-4.057705]';
tGA=	4.472215; %ms
Elasped time (ms): 45262.

---- 2023/02/05 20:24:04 ----

Align att (deg): 	-0.000038	-0.003893	-2.602588
Kg=[	0.998507	0.000054	0.000300
	-0.000058	0.998361	0.000495
	-0.000290	-0.000304	0.998546
];
eb=[	0.001700	0.003673	0.024683]'; %dph
Ka=[	0.999915	0.000000	0.000000
	0.000336	0.999916	0.000000
	-0.000252	-0.000071	1.000028
];
db=[	13.525834	-2.783565	-7.695023]'; %ug
Ka2=[	-6.841822	-16.493249	1.324288]'; %ugpg2
lvx=[	0.009034	0.016728	-0.021181]'; %cm
lvy=[	-0.422457	5.572546	-4.869333]';
tGA=	0.405186; %ms

Align att (deg): 	0.000123	-0.003119	-2.595312
Kg=[	0.998502	0.000041	0.000292
	-0.000051	0.998359	0.000496
	-0.000288	-0.000305	0.998541
];
eb=[	-0.001601	0.001725	0.030274]'; %dph
Ka=[	0.999925	0.000000	0.000000
	0.000355	0.999939	0.000000
	-0.000242	-0.000074	1.000036
];
db=[	17.386543	-8.701073	-5.465024]'; %ug
Ka2=[	-18.285164	4.743715	4.418418]'; %ugpg2
lvx=[	0.010928	0.026214	-0.027145]'; %cm
lvy=[	-0.486386	5.867287	-5.501111]';
tGA=	0.913061; %ms

Align att (deg): 	0.000462	-0.002898	-2.580634
Kg=[	0.998503	0.000050	0.000292
	-0.000050	0.998359	0.000495
	-0.000288	-0.000305	0.998542
];
eb=[	0.001722	0.001423	0.025580]'; %dph
Ka=[	0.999925	0.000000	0.000000
	0.000344	0.999939	0.000000
	-0.000243	-0.000072	1.000035
];
db=[	16.364110	-6.873105	-5.534707]'; %ug
Ka2=[	-17.330087	2.978039	4.786416]'; %ugpg2
lvx=[	0.010758	0.027838	-0.027559]'; %cm
lvy=[	-0.460385	5.914651	-5.506293]';
tGA=	1.957024; %ms
Elasped time (ms): 46270.

---- 2023/02/05 20:41:44 ----

Align att (deg): 	-0.000038	-0.003893	-2.602588
Kg=[	0.998507	0.000054	0.000300
	-0.000058	0.998361	0.000495
	-0.000290	-0.000304	0.998546
];
eb=[	0.001700	0.003673	0.024683]'; %dph
Ka=[	0.999915	0.000000	0.000000
	0.000336	0.999916	0.000000
	-0.000252	-0.000071	1.000028
];
db=[	13.525834	-2.783565	-7.695023]'; %ug
Ka2=[	-6.841822	-16.493249	1.324288]'; %ugpg2
lvx=[	0.009034	0.016728	-0.021181]'; %cm
lvy=[	-0.422457	5.572546	-4.869333]';
tGA=	0.405186; %ms

Align att (deg): 	0.000123	-0.003119	-2.595312
Kg=[	0.998506	0.000051	0.000298
	-0.000053	0.998360	0.000498
	-0.000288	-0.000305	0.998543
];
eb=[	0.000417	0.002584	0.025584]'; %dph
Ka=[	0.999925	0.000000	0.000000
	0.000344	0.999937	0.000000
	-0.000244	-0.000073	1.000035
];
db=[	13.110260	-2.945966	-7.481380]'; %ug
Ka2=[	-13.925104	-2.002999	7.075766]'; %ugpg2
lvx=[	0.010385	0.024763	-0.027540]'; %cm
lvy=[	-0.568997	5.876321	-5.599231]';
tGA=	0.898932; %ms

Align att (deg): 	0.000132	-0.003143	-2.589441
Kg=[	0.998506	0.000050	0.000297
	-0.000051	0.998360	0.000497
	-0.000288	-0.000306	0.998543
];
eb=[	0.000285	0.002553	0.025616]'; %dph
Ka=[	0.999925	0.000000	0.000000
	0.000346	0.999939	0.000000
	-0.000242	-0.000074	1.000035
];
db=[	13.723641	-3.273022	-7.217207]'; %ug
Ka2=[	-14.575341	-1.106556	6.708477]'; %ugpg2
lvx=[	0.010283	0.027436	-0.028539]'; %cm
lvy=[	-0.603250	5.917463	-5.659026]';
tGA=	1.894661; %ms

Align att (deg): 	0.000151	-0.003108	-2.588909
Kg=[	0.998506	0.000049	0.000297
	-0.000051	0.998360	0.000497
	-0.000288	-0.000306	0.998543
];
eb=[	0.000259	0.002571	0.025658]'; %dph
Ka=[	0.999925	0.000000	0.000000
	0.000347	0.999939	0.000000
	-0.000242	-0.000073	1.000035
];
db=[	13.929549	-3.375521	-7.064469]'; %ug
Ka2=[	-14.722292	-0.983722	6.758829]'; %ugpg2
lvx=[	0.010243	0.028997	-0.028986]'; %cm
lvy=[	-0.599669	5.958949	-5.682236]';
tGA=	3.879484; %ms
Elasped time (ms): 60090.

---- 2023/02/05 20:54:45 ----

Align att (deg): 	-0.000038	-0.003893	-2.602588
Kg=[	0.998507	0.000054	0.000300
	-0.000058	0.998361	0.000495
	-0.000290	-0.000304	0.998546
];
eb=[	0.001673	0.003658	0.024704]'; %dph
Ka=[	0.999915	0.000000	0.000000
	0.000336	0.999916	0.000000
	-0.000252	-0.000070	1.000028
];
db=[	13.359919	-2.986396	-7.505098]'; %ug
Ka2=[	-6.684433	-16.377529	1.123990]'; %ugpg2
lvx=[	0.008990	0.016622	-0.021400]'; %cm
lvy=[	-0.422045	5.551131	-4.871335]';
tGA=	0.366273; %ms

Align att (deg): 	0.000135	-0.003128	-2.595180
Kg=[	0.998506	0.000051	0.000298
	-0.000053	0.998360	0.000498
	-0.000288	-0.000306	0.998543
];
eb=[	0.000388	0.002603	0.025577]'; %dph
Ka=[	0.999925	0.000000	0.000000
	0.000344	0.999937	0.000000
	-0.000244	-0.000073	1.000035
];
db=[	12.996651	-3.040270	-7.395064]'; %ug
Ka2=[	-13.825267	-1.949332	6.925337]'; %ugpg2
lvx=[	0.010352	0.024674	-0.027580]'; %cm
lvy=[	-0.570506	5.862718	-5.587263]';
tGA=	0.111518; %ms

Align att (deg): 	0.000138	-0.003149	-2.589309
Kg=[	0.998506	0.000050	0.000297
	-0.000051	0.998360	0.000497
	-0.000288	-0.000306	0.998543
];
eb=[	0.000269	0.002576	0.025608]'; %dph
Ka=[	0.999925	0.000000	0.000000
	0.000346	0.999939	0.000000
	-0.000242	-0.000073	1.000036
];
db=[	13.664988	-3.318946	-7.174571]'; %ug
Ka2=[	-14.534334	-1.097293	6.615992]'; %ugpg2
lvx=[	0.010259	0.027374	-0.028534]'; %cm
lvy=[	-0.602201	5.906239	-5.646457]';
tGA=	0.119912; %ms

Align att (deg): 	0.000154	-0.003111	-2.588841
Kg=[	0.998505	0.000049	0.000297
	-0.000051	0.998360	0.000497
	-0.000288	-0.000306	0.998543
];
eb=[	0.000242	0.002606	0.025649]'; %dph
Ka=[	0.999925	0.000000	0.000000
	0.000347	0.999939	0.000000
	-0.000242	-0.000073	1.000036
];
db=[	13.860461	-3.415041	-7.027303]'; %ug
Ka2=[	-14.672962	-0.963124	6.656766]'; %ugpg2
lvx=[	0.010233	0.028933	-0.028928]'; %cm
lvy=[	-0.597168	5.950084	-5.665664]';
tGA=	0.121594; %ms
Elasped time (ms): 61005.

---- 2023/02/05 21:00:00 ----

Align att (deg): 	-0.000038	-0.003893	-2.602588
Kg=[	0.998518	-0.000126	0.000337
	-0.000056	0.998370	0.000517
	-0.000285	-0.000313	0.998559
];
eb=[	-0.007665	-0.009902	0.022336]'; %dph
Ka=[	0.999923	0.000000	0.000000
	0.000523	0.999934	0.000000
	-0.000231	-0.000090	1.000033
];
db=[	32.290182	18.130540	-27.518473]'; %ug
Ka2=[	-32.798393	-24.733232	23.810318]'; %ugpg2
lvx=[	0.010315	0.028487	-0.013200]'; %cm
lvy=[	-0.149542	6.461756	-5.035134]';
tGA=	0.464100; %ms

Align att (deg): 	-0.001073	-0.002045	-2.557567
Kg=[	0.998506	0.000046	0.000299
	-0.000053	0.998360	0.000497
	-0.000288	-0.000306	0.998543
];
eb=[	-0.000032	0.002351	0.025982]'; %dph
Ka=[	0.999925	0.000000	0.000000
	0.000350	0.999939	0.000000
	-0.000242	-0.000073	1.000035
];
db=[	14.651677	-2.914445	-7.271742]'; %ug
Ka2=[	-15.519590	-1.751945	7.112006]'; %ugpg2
lvx=[	0.009706	0.029629	-0.028043]'; %cm
lvy=[	-0.623687	5.962939	-5.629387]';
tGA=	0.158429; %ms

Align att (deg): 	0.000131	-0.003054	-2.587537
Kg=[	0.998505	0.000049	0.000297
	-0.000051	0.998360	0.000497
	-0.000288	-0.000306	0.998543
];
eb=[	0.000134	0.002687	0.025766]'; %dph
Ka=[	0.999925	0.000000	0.000000
	0.000348	0.999939	0.000000
	-0.000242	-0.000073	1.000035
];
db=[	14.048306	-3.496996	-6.919474]'; %ug
Ka2=[	-14.864553	-0.899989	6.675004]'; %ugpg2
lvx=[	0.010123	0.030252	-0.028872]'; %cm
lvy=[	-0.585278	5.986003	-5.648372]';
tGA=	0.127495; %ms

Align att (deg): 	0.000164	-0.003089	-2.588315
Kg=[	0.998505	0.000048	0.000297
	-0.000051	0.998360	0.000497
	-0.000288	-0.000306	0.998543
];
eb=[	0.000140	0.002677	0.025760]'; %dph
Ka=[	0.999926	0.000000	0.000000
	0.000348	0.999940	0.000000
	-0.000242	-0.000073	1.000035
];
db=[	14.079025	-3.467238	-6.932540]'; %ug
Ka2=[	-14.838146	-0.900704	6.713358]'; %ugpg2
lvx=[	0.010270	0.030601	-0.029129]'; %cm
lvy=[	-0.554720	5.999210	-5.654602]';
tGA=	0.126709; %ms
Elasped time (ms): 66218.

---- 2023/02/05 21:04:54 ----

Align att (deg): 	-0.000038	-0.003893	-2.602588
Kg=[	0.998518	-0.000126	0.000337
	-0.000056	0.998370	0.000517
	-0.000285	-0.000313	0.998559
];
eb=[	-0.007665	-0.009902	0.022336]'; %dph
Ka=[	0.999923	0.000000	0.000000
	0.000523	0.999934	0.000000
	-0.000231	-0.000090	1.000033
];
db=[	32.290182	18.130540	-27.518473]'; %ug
Ka2=[	-32.798393	-24.733232	23.810318]'; %ugpg2
lvx=[	0.010315	0.028487	-0.013200]'; %cm
lvy=[	-0.149542	6.461756	-5.035134]';
tGA=	0.464100; %ms

Align att (deg): 	-0.001073	-0.002045	-2.557567
Kg=[	0.998506	0.000046	0.000299
	-0.000053	0.998360	0.000497
	-0.000288	-0.000306	0.998543
];
eb=[	-0.000032	0.002351	0.025982]'; %dph
Ka=[	0.999925	0.000000	0.000000
	0.000350	0.999939	0.000000
	-0.000242	-0.000073	1.000035
];
db=[	14.651677	-2.914445	-7.271742]'; %ug
Ka2=[	-15.519590	-1.751945	7.112006]'; %ugpg2
lvx=[	0.009706	0.029629	-0.028043]'; %cm
lvy=[	-0.623687	5.962939	-5.629387]';
tGA=	0.158429; %ms

Align att (deg): 	0.000131	-0.003054	-2.587537
Kg=[	0.998505	0.000049	0.000297
	-0.000051	0.998360	0.000497
	-0.000288	-0.000306	0.998543
];
eb=[	0.000232	0.002630	0.025708]'; %dph
Ka=[	0.999926	0.000000	0.000000
	0.000347	0.999939	0.000000
	-0.000242	-0.000073	1.000035
];
db=[	14.058006	-3.484611	-6.905133]'; %ug
Ka2=[	-14.916239	-0.857142	6.665590]'; %ugpg2
lvx=[	0.010109	0.030181	-0.028779]'; %cm
lvy=[	-0.589150	5.986845	-5.654212]';
tGA=	0.122064; %ms

Align att (deg): 	0.000163	-0.003088	-2.588717
Kg=[	0.998505	0.000049	0.000297
	-0.000051	0.998360	0.000497
	-0.000288	-0.000306	0.998543
];
eb=[	0.000225	0.002639	0.025698]'; %dph
Ka=[	0.999926	0.000000	0.000000
	0.000347	0.999940	0.000000
	-0.000242	-0.000073	1.000035
];
db=[	14.091992	-3.470497	-6.908662]'; %ug
Ka2=[	-14.901321	-0.837136	6.702980]'; %ugpg2
lvx=[	0.010233	0.030550	-0.029046]'; %cm
lvy=[	-0.562327	6.001201	-5.663399]';
tGA=	0.122450; %ms
Elasped time (ms): 62897.

---- 2023/02/05 23:00:58 ----

Align att (deg): 	-0.000038	-0.003893	-2.602588
Kg=[	0.998518	-0.000126	0.000337
	-0.000056	0.998370	0.000517
	-0.000285	-0.000313	0.998559
];
eb=[	-0.007665	-0.009902	0.022336]'; %dph
Ka=[	0.999923	0.000000	0.000000
	0.000523	0.999934	0.000000
	-0.000231	-0.000090	1.000033
];
db=[	32.290182	18.130540	-27.518473]'; %ug
Ka2=[	-32.798393	-24.733232	23.810318]'; %ugpg2
lvx=[	0.010315	0.028487	-0.013200]'; %cm
lvy=[	-0.149542	6.461756	-5.035134]';
tGA=	0.464100; %ms

Align att (deg): 	-0.001073	-0.002045	-2.557567
Kg=[	0.998506	0.000046	0.000299
	-0.000053	0.998360	0.000497
	-0.000288	-0.000306	0.998543
];
eb=[	-0.000032	0.002351	0.025982]'; %dph
Ka=[	0.999925	0.000000	0.000000
	0.000350	0.999939	0.000000
	-0.000242	-0.000073	1.000035
];
db=[	14.651677	-2.914445	-7.271742]'; %ug
