
----20220925_000130
	5.000000	-4.000000logOK

----2022/09/25 00:03:29
	5.000000	-4.000000logOK

----2022/09/25 00:05:11----
	5.000000	-4.000000logOK

---- 2022/09/25 00:05:51 ----
	5.000000	-4.000000logOK

---- 2022/09/25 07:32:01 ----
	5.000000	-4.000000logOK

---- 2022/09/25 07:33:58 ----
	5.000000	-4.000000logOK

---- 2022/09/25 07:34:57 ----
	5.000000	-4.000000logOK

---- 2022/09/25 07:35:51 ----
	5.000000	-4.000000logOK

---- 2022/09/25 07:47:42 ----
	5.000000	-4.000000logOK

---- 2022/09/25 07:47:42 ----
	5.000000	2logOK

---- 2022/09/25 07:55:10 ----
	5.000000	-4.000000logOK

---- 2022/09/25 07:55:10 ----
	5.000000	2logOK

---- 2022/09/28 00:30:52 ----
	5.000000	-4.000000logOK

---- 2022/09/28 00:30:52 ----
	5.000000	2logOK

---- 2023/02/04 22:39:02 ----

---- 2023/02/04 22:39:02 ----
Kg=[	1.000000	0.000000	0.000000
	0.000000	1.000000	0.000000
	0.000000	0.000000	1.000000
];eb=[	0.000000	0.000000	0.000000];Ka=[	1.000000	0.000000	0.000000
	0.000000	1.000000	0.000000
	0.000000	0.000000	1.000000
];db=[	0.000000	0.000000	0.000000];Ka2=[	0.000000	0.000000	0.000000];lvx=[	0.000000	0.000000	0.000000];lvy=[	0.000000	0.000000	0.000000];tGA=	0.000000
---- 2023/02/04 22:40:06 ----

---- 2023/02/04 22:40:06 ----
Kg=[	1.000000	0.000000	0.000000
	0.000000	1.000000	0.000000
	0.000000	0.000000	1.000000
];
eb=[	0.000000	0.000000	0.000000];Ka=[	1.000000	0.000000	0.000000
	0.000000	1.000000	0.000000
	0.000000	0.000000	1.000000
];db=[	0.000000	0.000000	0.000000];Ka2=[	0.000000	0.000000	0.000000];lvx=[	0.000000	0.000000	0.000000];lvy=[	0.000000	0.000000	0.000000];tGA=	0.000000
---- 2023/02/04 22:41:04 ----

---- 2023/02/04 22:41:04 ----
Kg=[	1.000000	0.000000	0.000000
	0.000000	1.000000	0.000000
	0.000000	0.000000	1.000000
];
eb=[	0.000000	0.000000	0.000000];
Ka=[	1.000000	0.000000	0.000000
	0.000000	1.000000	0.000000
	0.000000	0.000000	1.000000
];
db=[	0.000000	0.000000	0.000000];
Ka2=[	0.000000	0.000000	0.000000];
lvx=[	0.000000	0.000000	0.000000];
lvy=[	0.000000	0.000000	0.000000];
tGA=	0.000000
---- 2023/02/04 22:41:59 ----

---- 2023/02/04 22:41:59 ----
Kg=[	1.000000	0.000000	0.000000
	0.000000	1.000000	0.000000
	0.000000	0.000000	1.000000
];
eb=[	0.000000	0.000000	0.000000]';
Ka=[	1.000000	0.000000	0.000000
	0.000000	1.000000	0.000000
	0.000000	0.000000	1.000000
];
db=[	0.000000	0.000000	0.000000];
Ka2=[	0.000000	0.000000	0.000000];
lvx=[	0.000000	0.000000	0.000000];
lvy=[	0.000000	0.000000	0.000000];
tGA=	0.000000;

---- 2023/02/04 22:43:47 ----

---- 2023/02/04 22:43:47 ----
Kg=[	1.000000	0.000000	0.000000
	0.000000	1.000000	0.000000
	0.000000	0.000000	1.000000
];
eb=[	0.000000	0.000000	0.000000]';
Ka=[	1.000000	0.000000	0.000000
	0.000000	1.000000	0.000000
	0.000000	0.000000	1.000000
];
db=[	0.000000	0.000000	0.000000]';
Ka2=[	0.000000	0.000000	0.000000]';
lvx=[	0.000000	0.000000	0.000000]';
lvy=[	0.000000	0.000000	0.000000]';
tGA=	0.000000;

---- 2023/02/04 22:48:38 ----

---- 2023/02/04 22:48:38 ----
Kg=[	1.000000	0.000000	0.000000
	0.000000	1.000000	0.000000
	0.000000	0.000000	1.000000
];
eb=[	0.000000	0.000000	0.000000]';
Ka=[	1.000000	0.000000	0.000000
	0.000000	1.000000	0.000000
	0.000000	0.000000	1.000000
];
db=[	0.000000	0.000000	0.000000]';
Ka2=[	0.000000	0.000000	0.000000]';
lvx=[	0.000000	0.000000	0.000000]';
lvy=[	0.000000	0.000000	0.000000]';
tGA=	0.000000;

---- 2023/02/04 22:49:45 ----

---- 2023/02/04 22:49:45 ----
Kg=[	0.998567	-0.000076	0.000174
	-0.000017	0.998420	0.000535
	-0.000337	-0.000343	0.998613
];
eb=[	-0.000000	0.000000	-0.000000]';
Ka=[	0.999939	0.000000	0.000000
	0.000449	1.000022	0.000000
	-0.000137	-0.000084	1.000013
];
db=[	0.000674	0.000299	-0.000779]';
Ka2=[	0.000000	0.000000	0.000000]';
lvx=[	0.380398	-0.213864	-0.179668]';
lvy=[	-0.037130	0.078726	0.239016]';
tGA=	-0.019679;

---- 2023/02/04 22:51:49 ----
Kg=[	0.998567	-0.000076	0.000174
	-0.000017	0.998420	0.000535
	-0.000337	-0.000343	0.998613
];
eb=[	-0.034882	0.047503	-0.012340]';
Ka=[	0.999939	0.000000	0.000000
	0.000449	1.000022	0.000000
	-0.000137	-0.000084	1.000013
];
db=[	68.943713	30.562174	-79.675255]';
Ka2=[	0.000000	0.000000	0.000000]';
lvx=[	0.380398	-0.213864	-0.179668]';
lvy=[	-0.037130	0.078726	0.239016]';
tGA=	-0.019679;

---- 2023/02/04 23:34:19 ----
Kg=[	0.998573	-0.000027	0.000184
	-0.000018	0.998439	0.000537
	-0.000329	-0.000336	0.998576
];
eb=[	-0.034530	0.050070	0.032215]';
Ka=[	0.999909	0.000000	0.000000
	0.000396	0.999979	0.000000
	-0.000146	-0.000093	1.000023
];
db=[	42.918205	56.690865	-88.013030]';
Ka2=[	52.261673	-44.244957	-13.578760]';
lvx=[	0.209604	-0.223164	-0.173689]';
lvy=[	-0.042326	0.097672	0.360693]';
tGA=	-0.024297;

---- 2023/02/04 23:34:35 ----
Kg=[	0.998529	0.000063	0.000148
	-0.000052	0.998436	0.000488
	-0.000281	-0.000093	0.998558
];
eb=[	0.037048	0.099640	0.060079]';
Ka=[	0.999920	0.000000	0.000000
	0.000377	0.999964	0.000000
	-0.000169	-0.000078	1.000037
];
db=[	111.611902	92.851388	-97.541885]';
Ka2=[	24.342453	-15.848902	-32.928120]';
lvx=[	0.252900	-0.152889	-0.076681]';
lvy=[	0.030559	0.082934	0.137632]';
tGA=	-0.041420;

---- 2023/02/04 23:38:14 ----
Kg=[	0.998567	-0.000076	0.000174
	-0.000017	0.998420	0.000535
	-0.000337	-0.000343	0.998613
];
eb=[	-0.034869	0.047497	-0.012399]';
Ka=[	0.999939	0.000000	0.000000
	0.000449	1.000022	0.000000
	-0.000137	-0.000084	1.000013
];
db=[	68.933454	30.535569	-79.702531]';
Ka2=[	79.863178	-18.399267	-47.131035]';
lvx=[	0.380586	-0.213970	-0.179617]';
lvy=[	-0.037196	0.078712	0.238862]';
tGA=	-0.019672;

---- 2023/02/04 23:38:38 ----
Kg=[	0.998559	0.000044	0.000170
	-0.000043	0.998406	0.000500
	-0.000315	-0.000119	0.998579
];
eb=[	0.027647	0.089590	0.049171]';
Ka=[	0.999946	0.000000	0.000000
	0.000406	1.000006	0.000000
	-0.000182	-0.000090	1.000033
];
db=[	209.526582	125.391016	-103.649557]';
Ka2=[	41.461295	-5.812788	-78.267868]';
lvx=[	0.463675	-0.166788	-0.156685]';
lvy=[	0.038920	0.086578	0.018377]';
tGA=	-0.032667;

---- 2023/02/05 00:06:35 ----
Kg=[	0.998402	0.000079	0.000197
	-0.000091	0.998308	0.000356
	-0.000319	-0.000283	0.998703
];
eb=[	-0.053785	0.153470	-0.088360]';
Ka=[	0.999863	0.000000	0.000000
	0.000327	0.999976	0.000000
	-0.000006	0.000110	0.999894
];
db=[	42.543905	-150.859203	134.083261]';
Ka2=[	224.404764	173.229961	-315.645967]';
lvx=[	0.614500	-0.145652	-0.206782]';
lvy=[	-0.193721	0.043347	0.252749]';
tGA=	-0.131085;

---- 2023/02/05 09:02:01 ----
Kg=[	0.998402	0.000079	0.000197
	-0.000091	0.998308	0.000356
	-0.000319	-0.000283	0.998703
];
eb=[	-0.053785	0.153470	-0.088360]';
Ka=[	0.999863	0.000000	0.000000
	0.000327	0.999976	0.000000
	-0.000006	0.000110	0.999894
];
db=[	42.543905	-150.859203	134.083261]';
Ka2=[	224.404764	173.229961	-315.645967]';
lvx=[	0.614500	-0.145652	-0.206782]';
lvy=[	-0.193721	0.043347	0.252749]';
tGA=	-0.131085;

---- 2023/02/05 09:04:17 ----
Kg=[	0.998402	0.000079	0.000197
	-0.000091	0.998308	0.000356
	-0.000319	-0.000283	0.998703
];
eb=[	-0.053785	0.153470	-0.088360]';
Ka=[	0.999863	0.000000	0.000000
	0.000327	0.999976	0.000000
	-0.000006	0.000110	0.999894
];
db=[	42.543905	-150.859203	134.083261]';
Ka2=[	224.404764	173.229961	-315.645967]';
lvx=[	0.614500	-0.145652	-0.206782]';
lvy=[	-0.193721	0.043347	0.252749]';
tGA=	-0.131085;

---- 2023/02/05 09:14:31 ----
Kg=[	0.998402	0.000079	0.000197
	-0.000091	0.998308	0.000356
	-0.000319	-0.000283	0.998703
];
eb=[	-0.053785	0.153470	-0.088360]';
Ka=[	0.999863	0.000000	0.000000
	0.000327	0.999976	0.000000
	-0.000006	0.000110	0.999894
];
db=[	42.543905	-150.859203	134.083261]';
Ka2=[	224.404764	173.229961	-315.645967]';
lvx=[	0.614500	-0.145652	-0.206782]';
lvy=[	-0.193721	0.043347	0.252749]';
tGA=	-0.131085;

---- 2023/02/05 09:24:46 ----
Kg=[	0.998402	0.000079	0.000197
	-0.000091	0.998308	0.000356
	-0.000319	-0.000283	0.998703
];
eb=[	-0.053785	0.153470	-0.088360]';
Ka=[	0.999863	0.000000	0.000000
	0.000327	0.999976	0.000000
	-0.000006	0.000110	0.999894
];
db=[	42.543905	-150.859203	134.083261]';
Ka2=[	224.404764	173.229961	-315.645967]';
lvx=[	0.614500	-0.145652	-0.206782]';
lvy=[	-0.193721	0.043347	0.252749]';
tGA=	-0.131085;

---- 2023/02/05 09:26:12 ----
Kg=[	0.998402	0.000079	0.000197
	-0.000091	0.998308	0.000356
	-0.000319	-0.000283	0.998703
];
eb=[	-0.053785	0.153470	-0.088360]';
Ka=[	0.999863	0.000000	0.000000
	0.000327	0.999976	0.000000
	-0.000006	0.000110	0.999894
];
db=[	42.543905	-150.859203	134.083261]';
Ka2=[	224.404764	173.229961	-315.645967]';
lvx=[	0.614500	-0.145652	-0.206782]';
lvy=[	-0.193721	0.043347	0.252749]';
tGA=	-0.131085;

---- 2023/02/05 09:26:50 ----
Kg=[	0.998402	0.000079	0.000197
	-0.000091	0.998308	0.000356
	-0.000319	-0.000283	0.998703
];
eb=[	-0.053785	0.153470	-0.088360]';
Ka=[	0.999863	0.000000	0.000000
	0.000327	0.999976	0.000000
	-0.000006	0.000110	0.999894
];
db=[	42.543905	-150.859203	134.083261]';
Ka2=[	224.404764	173.229961	-315.645967]';
lvx=[	0.614500	-0.145652	-0.206782]';
lvy=[	-0.193721	0.043347	0.252749]';
tGA=	-0.131085;

---- 2023/02/05 09:44:53 ----
Kg=[	0.998402	0.000079	0.000197
	-0.000091	0.998308	0.000356
	-0.000319	-0.000283	0.998703
];
eb=[	-0.053785	0.153470	-0.088360]';
Ka=[	0.999863	0.000000	0.000000
	0.000327	0.999976	0.000000
	-0.000006	0.000110	0.999894
];
db=[	42.543905	-150.859203	134.083261]';
Ka2=[	224.404764	173.229961	-315.645967]';
lvx=[	0.614500	-0.145652	-0.206782]';
lvy=[	-0.193721	0.043347	0.252749]';
tGA=	-0.131085;

---- 2023/02/05 09:57:06 ----
Kg=[	0.998402	0.000079	0.000197
	-0.000091	0.998308	0.000356
	-0.000319	-0.000283	0.998703
];
eb=[	-0.053785	0.153470	-0.088360]';
Ka=[	0.999863	0.000000	0.000000
	0.000327	0.999976	0.000000
	-0.000006	0.000110	0.999894
];
db=[	42.543905	-150.859203	134.083261]';
Ka2=[	224.404764	173.229961	-315.645967]';
lvx=[	0.614500	-0.145652	-0.206782]';
lvy=[	-0.193721	0.043347	0.252749]';
tGA=	-0.131085;

---- 2023/02/05 10:09:07 ----
Kg=[	0.998402	0.000079	0.000197
	-0.000091	0.998308	0.000356
	-0.000319	-0.000283	0.998703
];
eb=[	-0.053785	0.153470	-0.088360]';
Ka=[	0.999863	0.000000	0.000000
	0.000327	0.999976	0.000000
	-0.000006	0.000110	0.999894
];
db=[	42.543905	-150.859203	134.083261]';
Ka2=[	224.404764	173.229961	-315.645967]';
lvx=[	0.614500	-0.145652	-0.206782]';
lvy=[	-0.193721	0.043347	0.252749]';
tGA=	-0.131085;

---- 2023/02/05 10:10:15 ----
Kg=[	0.998402	0.000079	0.000197
	-0.000091	0.998308	0.000356
	-0.000319	-0.000283	0.998703
];
eb=[	-0.053785	0.153470	-0.088360]';
Ka=[	0.999863	0.000000	0.000000
	0.000327	0.999976	0.000000
	-0.000006	0.000110	0.999894
];
db=[	42.543905	-150.859203	134.083261]';
Ka2=[	224.404764	173.229961	-315.645967]';
lvx=[	0.614500	-0.145652	-0.206782]';
lvy=[	-0.193721	0.043347	0.252749]';
tGA=	-0.131085;

---- 2023/02/05 10:50:52 ----

---- 2023/02/05 10:51:06 ----
Kg=[	0.998402	0.000079	0.000197
	-0.000091	0.998308	0.000356
	-0.000319	-0.000283	0.998703
];
eb=[	-0.053785	0.153470	-0.088360]';
Ka=[	0.999863	0.000000	0.000000
	0.000327	0.999976	0.000000
	-0.000006	0.000110	0.999894
];
db=[	42.543905	-150.859203	134.083261]';
Ka2=[	224.404764	173.229961	-315.645967]';
lvx=[	0.614500	-0.145652	-0.206782]';
lvy=[	-0.193721	0.043347	0.252749]';
tGA=	-0.131085;
Elasped time (ms): 
---- 2023/02/05 10:56:40 ----

---- 2023/02/05 10:56:54 ----
Kg=[	0.998402	0.000079	0.000197
	-0.000091	0.998308	0.000356
	-0.000319	-0.000283	0.998703
];
eb=[	-0.053785	0.153470	-0.088360]';
Ka=[	0.999863	0.000000	0.000000
	0.000327	0.999976	0.000000
	-0.000006	0.000110	0.999894
];
db=[	42.543905	-150.859203	134.083261]';
Ka2=[	224.404764	173.229961	-315.645967]';
lvx=[	0.614500	-0.145652	-0.206782]';
lvy=[	-0.193721	0.043347	0.252749]';
tGA=	-0.131085;
Elasped time (ms): 0.

---- 2023/02/05 11:02:10 ----

---- 2023/02/05 11:02:49 ----
Kg=[	0.998402	0.000079	0.000197
	-0.000091	0.998308	0.000356
	-0.000319	-0.000283	0.998703
];
eb=[	-0.053785	0.153470	-0.088360]';
Ka=[	0.999863	0.000000	0.000000
	0.000327	0.999976	0.000000
	-0.000006	0.000110	0.999894
];
db=[	42.543905	-150.859203	134.083261]';
Ka2=[	224.404764	173.229961	-315.645967]';
lvx=[	0.614500	-0.145652	-0.206782]';
lvy=[	-0.193721	0.043347	0.252749]';
tGA=	-0.131085;
Elasped time (ms): 19329.

---- 2023/02/05 11:05:08 ----

---- 2023/02/05 11:05:24 ----
Kg=[	0.998402	0.000079	0.000197
	-0.000091	0.998308	0.000356
	-0.000319	-0.000283	0.998703
];
eb=[	-0.053785	0.153470	-0.088360]';
Ka=[	0.999863	0.000000	0.000000
	0.000327	0.999976	0.000000
	-0.000006	0.000110	0.999894
];
db=[	42.543905	-150.859203	134.083261]';
Ka2=[	224.404764	173.229961	-315.645967]';
lvx=[	0.614500	-0.145652	-0.206782]';
lvy=[	-0.193721	0.043347	0.252749]';
tGA=	-0.131085;
Elasped time (ms): 16339.

---- 2023/02/05 11:07:58 ----

---- 2023/02/05 11:08:14 ----
Kg=[	0.998402	0.000079	0.000197
	-0.000091	0.998308	0.000356
	-0.000319	-0.000283	0.998703
];
eb=[	-0.053785	0.153470	-0.088360]';
Ka=[	0.999863	0.000000	0.000000
	0.000327	0.999976	0.000000
	-0.000006	0.000110	0.999894
];
db=[	42.543905	-150.859203	134.083261]';
Ka2=[	224.404764	173.229961	-315.645967]';
lvx=[	0.614500	-0.145652	-0.206782]';
lvy=[	-0.193721	0.043347	0.252749]';
tGA=	-0.131085;
Elasped time (ms): 16195.

---- 2023/02/05 11:16:31 ----

---- 2023/02/05 11:16:54 ----
Kg=[	4.584904	9268.458186	-60561.396670
	-2.225906	-4607.438992	30105.776997
	0.040693	-1662.294251	10863.749680
];
eb=[	139.987300	21.778413	-123.583658]';
Ka=[	0.017608	0.000000	0.000000
	1.077812	0.902083	0.000000
	-1.034010	0.462031	0.959285
];
db=[	-570229.299075	48584.800840	-268073.221864]';
Ka2=[	-1228194.719385	-104180.531240	-2702185.310431]';
lvx=[	456.131180	-271.440822	-802.333307]';
lvy=[	-29.275504	11.508208	-143.949256]';
tGA=	24.778187;
Elasped time (ms): 22904.

---- 2023/02/05 11:18:36 ----

---- 2023/02/05 11:19:27 ----
Kg=[	4.584904	9268.458186	-60561.396670
	-2.225906	-4607.438992	30105.776997
	0.040693	-1662.294251	10863.749680
];
eb=[	139.987300	21.778413	-123.583658]';
Ka=[	0.017608	0.000000	0.000000
	1.077812	0.902083	0.000000
	-1.034010	0.462031	0.959285
];
db=[	-570229.299075	48584.800840	-268073.221864]';
Ka2=[	-1228194.719385	-104180.531240	-2702185.310431]';
lvx=[	456.131180	-271.440822	-802.333307]';
lvy=[	-29.275504	11.508208	-143.949256]';
tGA=	24.778187;
Elasped time (ms): 50774.

---- 2023/02/05 11:45:00 ----

---- 2023/02/05 11:45:23 ----
Kg=[	4.584904	9268.458186	-60561.396670
	-2.225906	-4607.438992	30105.776997
	0.040693	-1662.294251	10863.749680
];
eb=[	139.987300	21.778413	-123.583658]';
Ka=[	0.017608	0.000000	0.000000
	1.077812	0.902083	0.000000
	-1.034010	0.462031	0.959285
];
db=[	-570229.299075	48584.800840	-268073.221864]';
Ka2=[	-1228194.719385	-104180.531240	-2702185.310431]';
lvx=[	456.131180	-271.440822	-802.333307]';
lvy=[	-29.275504	11.508208	-143.949256]';
tGA=	24.778187;
Elasped time (ms): 22575.

---- 2023/02/05 13:04:09 ----

---- 2023/02/05 13:04:31 ----
Kg=[	4.584904	9268.458186	-60561.396670
	-2.225906	-4607.438992	30105.776997
	0.040693	-1662.294251	10863.749680
];
eb=[	139.987300	21.778413	-123.583658]';
Ka=[	0.017608	0.000000	0.000000
	1.077812	0.902083	0.000000
	-1.034010	0.462031	0.959285
];
db=[	-570229.299075	48584.800840	-268073.221864]';
Ka2=[	-1228194.719385	-104180.531240	-2702185.310431]';
lvx=[	456.131180	-271.440822	-802.333307]';
lvy=[	-29.275504	11.508208	-143.949256]';
tGA=	24.778187;
Elasped time (ms): 21914.

---- 2023/02/05 13:35:26 ----

---- 2023/02/05 13:37:06 ----
Kg=[	4.584904	9268.458186	-60561.396670
	-2.225906	-4607.438992	30105.776997
	0.040693	-1662.294251	10863.749680
];
eb=[	139.987300	21.778413	-123.583658]';
Ka=[	0.017608	0.000000	0.000000
	1.077812	0.902083	0.000000
	-1.034010	0.462031	0.959285
];
db=[	-570229.299075	48584.800840	-268073.221864]';
Ka2=[	-1228194.719385	-104180.531240	-2702185.310431]';
lvx=[	456.131180	-271.440822	-802.333307]';
lvy=[	-29.275504	11.508208	-143.949256]';
tGA=	24.778187;
Elasped time (ms): 169117.

---- 2023/02/05 13:46:52 ----

---- 2023/02/05 13:47:13 ----
Kg=[	4.584904	9268.458186	-60561.396670
	-2.225906	-4607.438992	30105.776997
	0.040693	-1662.294251	10863.749680
];
eb=[	139.987300	21.778413	-123.583658]';
Ka=[	0.017608	0.000000	0.000000
	1.077812	0.902083	0.000000
	-1.034010	0.462031	0.959285
];
db=[	-570229.299075	48584.800840	-268073.221864]';
Ka2=[	-1228194.719385	-104180.531240	-2702185.310431]';
lvx=[	456.131180	-271.440822	-802.333307]';
lvy=[	-29.275504	11.508208	-143.949256]';
tGA=	24.778187;
Elasped time (ms): 21157.

---- 2023/02/05 14:00:59 ----

---- 2023/02/05 14:01:22 ----
Kg=[	4.584904	9268.458186	-60561.396670
	-2.225906	-4607.438992	30105.776997
	0.040693	-1662.294251	10863.749680
];
eb=[	139.987300	21.778413	-123.583658]';
Ka=[	0.017608	0.000000	0.000000
	1.077812	0.902083	0.000000
	-1.034010	0.462031	0.959285
];
db=[	-570229.299075	48584.800840	-268073.221864]';
Ka2=[	-1228194.719385	-104180.531240	-2702185.310431]';
lvx=[	456.131180	-271.440822	-802.333307]';
lvy=[	-29.275504	11.508208	-143.949256]';
tGA=	24.778187;
Elasped time (ms): 22914.

---- 2023/02/05 14:31:34 ----

---- 2023/02/05 14:33:45 ----
Kg=[	4.584904	9268.458186	-60561.396670
	-2.225906	-4607.438992	30105.776997
	0.040693	-1662.294251	10863.749680
];
eb=[	139.987300	21.778413	-123.583658]';
Ka=[	0.017608	0.000000	0.000000
	1.077812	0.902083	0.000000
	-1.034010	0.462031	0.959285
];
db=[	-570229.299075	48584.800840	-268073.221864]';
Ka2=[	-1228194.719385	-104180.531240	-2702185.310431]';
lvx=[	456.131180	-271.440822	-802.333307]';
lvy=[	-29.275504	11.508208	-143.949256]';
tGA=	24.778187;
Elasped time (ms): 131697.

---- 2023/02/05 14:37:34 ----

---- 2023/02/05 14:37:54 ----
Kg=[	4.584904	9268.458186	-60561.396670
	-2.225906	-4607.438992	30105.776997
	0.040693	-1662.294251	10863.749680
];
eb=[	139.987300	21.778413	-123.583658]';
Ka=[	0.017608	0.000000	0.000000
	1.077812	0.902083	0.000000
	-1.034010	0.462031	0.959285
];
db=[	-570229.299075	48584.800840	-268073.221864]';
Ka2=[	-1228194.719385	-104180.531240	-2702185.310431]';
lvx=[	456.131180	-271.440822	-802.333307]';
lvy=[	-29.275504	11.508208	-143.949256]';
tGA=	24.778187;
Elasped time (ms): 20794.

---- 2023/02/05 14:49:11 ----

---- 2023/02/05 14:49:25 ----
Kg=[	0.998402	0.000079	0.000197
	-0.000091	0.998308	0.000356
	-0.000319	-0.000283	0.998703
];
eb=[	-0.053785	0.153470	-0.088360]';
Ka=[	0.999863	0.000000	0.000000
	0.000327	0.999976	0.000000
	-0.000006	0.000110	0.999894
];
db=[	42.543905	-150.859203	134.083261]';
Ka2=[	224.404764	173.229961	-315.645967]';
lvx=[	0.614500	-0.145652	-0.206782]';
lvy=[	-0.193721	0.043347	0.252749]';
tGA=	-0.131085;
Elasped time (ms): 14062.
